Test output of code:

[35][40][8][24][12][18][24][42][5][49][49][34][37][11][39][24][40][10][13][6][23][35][2][4][17][45][30][19][18][37][8][49][44][45][31][38][35][21][30][47][23][19][23][17][23][44][31][43][18][44][11][26][41][26][22][12][30][32][42]<[51]>[64][90][81][53][65][94][88][55][62][59][73][65][90][55][84][94][74][96][69][58][94][92][63][78][90][98][78][93][78][51][59][82][60][71][62][85][51][51][82][79]
[35][40][8][24][12][18][24][5][34][37][11][39][24][40][10][13][6][23][35][2][4][17][30][19][18][37][8][31][38][35][21][30][23][19][23][17][23][31][18][11][26][41][26][22][12][30][32]<[42]>[49][44][47][44][45][42][49][45][44][49][43][51][64][90][81][53][65][94][88][55][62][59][73][65][90][55][84][94][74][96][69][58][94][92][63][78][90][98][78][93][78][51][59][82][60][71][62][85][51][51][82][79]
[8][24][12][18][24][5][11][24][10][13][6][23][2][4][17][30][19][18][8][31][21][30][23][19][23][17][23][31][18][11][26][26][22][12][30]<[32]>[35][40][38][35][40][41][34][37][35][39][37][42][49][44][47][44][45][42][49][45][44][49][43][51][64][90][81][53][65][94][88][55][62][59][73][65][90][55][84][94][74][96][69][58][94][92][63][78][90][98][78][93][78][51][59][82][60][71][62][85][51][51][82][79]
[8][24][12][18][24][5][11][24][10][13][6][23][2][4][17][19][18][8][21][23][19][23][17][23][18][11][26][26][22][12]<[30]>[31][30][31][30][32][35][40][38][35][40][41][34][37][35][39][37][42][49][44][47][44][45][42][49][45][44][49][43][51][64][90][81][53][65][94][88][55][62][59][73][65][90][55][84][94][74][96][69][58][94][92][63][78][90][98][78][93][78][51][59][82][60][71][62][85][51][51][82][79]
[8][5][11][10][6][2][4][8][11]<[12]>[24][23][24][12][17][19][18][24][21][23][19][23][17][23][18][18][26][26][22][13][30][31][30][31][30][32][35][40][38][35][40][41][34][37][35][39][37][42][49][44][47][44][45][42][49][45][44][49][43][51][64][90][81][53][65][94][88][55][62][59][73][65][90][55][84][94][74][96][69][58][94][92][63][78][90][98][78][93][78][51][59][82][60][71][62][85][51][51][82][79]
[8][5][10][6][2][4][8]<[11]>[11][12][24][23][24][12][17][19][18][24][21][23][19][23][17][23][18][18][26][26][22][13][30][31][30][31][30][32][35][40][38][35][40][41][34][37][35][39][37][42][49][44][47][44][45][42][49][45][44][49][43][51][64][90][81][53][65][94][88][55][62][59][73][65][90][55][84][94][74][96][69][58][94][92][63][78][90][98][78][93][78][51][59][82][60][71][62][85][51][51][82][79]
[5][6][2][4]<[8]>[8][10][11][11][12][24][23][24][12][17][19][18][24][21][23][19][23][17][23][18][18][26][26][22][13][30][31][30][31][30][32][35][40][38][35][40][41][34][37][35][39][37][42][49][44][47][44][45][42][49][45][44][49][43][51][64][90][81][53][65][94][88][55][62][59][73][65][90][55][84][94][74][96][69][58][94][92][63][78][90][98][78][93][78][51][59][82][60][71][62][85][51][51][82][79]
[2]<[4]>[5][6][8][8][10][11][11][12][24][23][24][12][17][19][18][24][21][23][19][23][17][23][18][18][26][26][22][13][30][31][30][31][30][32][35][40][38][35][40][41][34][37][35][39][37][42][49][44][47][44][45][42][49][45][44][49][43][51][64][90][81][53][65][94][88][55][62][59][73][65][90][55][84][94][74][96][69][58][94][92][63][78][90][98][78][93][78][51][59][82][60][71][62][85][51][51][82][79]
[2][4][5]<[6]>[8][8][10][11][11][12][24][23][24][12][17][19][18][24][21][23][19][23][17][23][18][18][26][26][22][13][30][31][30][31][30][32][35][40][38][35][40][41][34][37][35][39][37][42][49][44][47][44][45][42][49][45][44][49][43][51][64][90][81][53][65][94][88][55][62][59][73][65][90][55][84][94][74][96][69][58][94][92][63][78][90][98][78][93][78][51][59][82][60][71][62][85][51][51][82][79]
[2][4]<[5]>[6][8][8][10][11][11][12][24][23][24][12][17][19][18][24][21][23][19][23][17][23][18][18][26][26][22][13][30][31][30][31][30][32][35][40][38][35][40][41][34][37][35][39][37][42][49][44][47][44][45][42][49][45][44][49][43][51][64][90][81][53][65][94][88][55][62][59][73][65][90][55][84][94][74][96][69][58][94][92][63][78][90][98][78][93][78][51][59][82][60][71][62][85][51][51][82][79]


The kth smallest number is:	5
